0.37463958276898435
0.00000000000000000
0.01498558331075938
0.00000000000000000
0.00000000000000000
0.89913499864556246
0.00000000000000000
0.00000000000000000
0.00000000000000000
0.00000000000000000
0.00000000000000000
0.00000000000000000
0.13487024979683437
0.01498558331075938
0.00000000000000000
0.00000000000000000
0.00000000000000000
0.00000000000000000
0.00000000000000000
0.00000000000000000
0.00000000000000000
0.00000000000000000
0.00000000000000000
0.04495674993227812
0.00000000000000000
0.00000000000000000
0.00000000000000000
0.00000000000000000
0.00000000000000000
0.00000000000000000
0.01498558331075938
0.00000000000000000
0.00000000000000000
0.00000000000000000
0.00000000000000000
0.00000000000000000
0.01498558331075938
0.02997116662151875
0.00000000000000000
0.00000000000000000
0.02997116662151875
0.00000000000000000
0.00000000000000000
0.02997116662151875
0.00000000000000000
0.00000000000000000
0.05994233324303750
0.04495674993227812
0.01498558331075938
0.00000000000000000
0.00000000000000000
0.05994233324303750
0.00000000000000000
0.00000000000000000
0.00000000000000000
0.00000000000000000
0.11988466648607500
0.00000000000000000
0.05994233324303750
0.13112992191440856
0.01639124023930107
0.06556496095720428
0.00000000000000000
0.00000000000000000
0.98347441435806415
0.00000000000000000
0.00000000000000000
0.00000000000000000
0.00000000000000000
0.00000000000000000
0.00000000000000000
0.00000000000000000
0.00000000000000000
0.00000000000000000
0.00000000000000000
0.00000000000000000
0.00000000000000000
0.00000000000000000
0.00000000000000000
0.00000000000000000
0.00000000000000000
0.03278248047860214
0.01639124023930107
0.01639124023930107
0.00000000000000000
0.00000000000000000
0.00000000000000000
0.00000000000000000
0.00000000000000000
0.00000000000000000
0.00000000000000000
0.00000000000000000
0.00000000000000000
0.00000000000000000
0.00000000000000000
0.08195620119650535
0.01639124023930107
0.00000000000000000
0.00000000000000000
0.00000000000000000
0.00000000000000000
0.00000000000000000
0.00000000000000000
0.00000000000000000
0.00000000000000000
0.00000000000000000
0.01639124023930107
0.00000000000000000
0.00000000000000000
0.00000000000000000
0.00000000000000000
0.00000000000000000
0.00000000000000000
0.00000000000000000
0.00000000000000000
0.03278248047860214
0.00000000000000000
0.03278248047860214
0.52616978080374499
0.04575389398293435
0.05719236747866794
0.11438473495733588
0.05719236747866794
0.68630840974401530
0.11438473495733588
0.44610046633360989
0.00000000000000000
0.00000000000000000
0.00000000000000000
0.09150778796586870
0.04575389398293435
0.00000000000000000
0.00000000000000000
0.00000000000000000
0.06863084097440153
0.00000000000000000
0.00000000000000000
0.00000000000000000
0.00000000000000000
0.00000000000000000
0.00000000000000000
0.01143847349573359
0.00000000000000000
0.00000000000000000
0.00000000000000000
0.00000000000000000
0.00000000000000000
0.00000000000000000
0.00000000000000000
0.00000000000000000
0.00000000000000000
0.00000000000000000
0.00000000000000000
0.01143847349573359
0.04575389398293435
0.01143847349573359
0.00000000000000000
0.01143847349573359
0.00000000000000000
0.00000000000000000
0.00000000000000000
0.00000000000000000
0.00000000000000000
0.00000000000000000
0.00000000000000000
0.00000000000000000
0.00000000000000000
0.00000000000000000
0.00000000000000000
0.00000000000000000
0.00000000000000000
0.00000000000000000
0.00000000000000000
0.00000000000000000
0.00000000000000000
0.00000000000000000
0.02287694699146717
0.66853084643299543
0.06984650634374580
0.00997807233482083
0.16962722969195407
0.06984650634374580
0.59868434008924964
0.10975879568302910
0.35921060405354982
0.00997807233482083
0.00000000000000000
0.00000000000000000
0.07982457867856663
0.00000000000000000
0.00000000000000000
0.00000000000000000
0.00000000000000000
0.08980265101338746
0.00000000000000000
0.00000000000000000
0.00000000000000000
0.00000000000000000
0.00000000000000000
0.00000000000000000
0.00000000000000000
0.00000000000000000
0.00000000000000000
0.00000000000000000
0.00000000000000000
0.00000000000000000
0.00000000000000000
0.00000000000000000
0.00000000000000000
0.00000000000000000
0.00997807233482083
0.00997807233482083
0.00000000000000000
0.00000000000000000
0.00000000000000000
0.00000000000000000
0.00000000000000000
0.00997807233482083
0.00000000000000000
0.00000000000000000
0.00000000000000000
0.00000000000000000
0.00000000000000000
0.00997807233482083
0.00000000000000000
0.00000000000000000
0.00000000000000000
0.00000000000000000
0.00000000000000000
0.00000000000000000
0.00000000000000000
0.00000000000000000
0.00000000000000000
0.00000000000000000
0.00000000000000000
0.00000000000000000
0.74790003544794870
0.07296585711687305
0.03648292855843652
0.08208658925648218
0.06384512497726391
0.54724392837654789
0.05472439283765478
0.33746708916553786
0.00000000000000000
0.00000000000000000
0.00000000000000000
0.07296585711687305
0.00000000000000000
0.00000000000000000
0.00000000000000000
0.00000000000000000
0.03648292855843652
0.00000000000000000
0.00000000000000000
0.00000000000000000
0.00000000000000000
0.00000000000000000
0.00000000000000000
0.00000000000000000
0.00000000000000000
0.00000000000000000
0.00000000000000000
0.00000000000000000
0.00000000000000000
0.00000000000000000
0.00000000000000000
0.00000000000000000
0.00000000000000000
0.00000000000000000
0.00912073213960913
0.00000000000000000
0.00912073213960913
0.00000000000000000
0.00000000000000000
0.00000000000000000
0.00000000000000000
0.00000000000000000
0.00000000000000000
0.00000000000000000
0.00000000000000000
0.00000000000000000
0.00000000000000000
0.00000000000000000
0.00000000000000000
0.00000000000000000
0.00000000000000000
0.00000000000000000
0.00000000000000000
0.00000000000000000
0.00000000000000000
0.00000000000000000
0.00000000000000000
0.00000000000000000
0.00000000000000000
0.72029016977916582
0.11373002680723671
0.05686501340361835
0.12320752904117309
0.05686501340361835
0.56865013403618347
0.05686501340361835
0.33171257818777372
0.00000000000000000
0.00000000000000000
0.00000000000000000
0.09477502233936393
0.00000000000000000
0.00000000000000000
0.00000000000000000
0.00000000000000000
0.02843250670180918
0.00000000000000000
0.00000000000000000
0.00000000000000000
0.00000000000000000
0.00000000000000000
0.00947750223393639
0.00000000000000000
0.00000000000000000
0.00000000000000000
0.00000000000000000
0.00000000000000000
0.00000000000000000
0.00000000000000000
0.00000000000000000
0.00000000000000000
0.00000000000000000
0.00000000000000000
0.00000000000000000
0.00000000000000000
0.00947750223393639
0.00000000000000000
0.00000000000000000
0.00000000000000000
0.00000000000000000
0.00000000000000000
0.00000000000000000
0.00000000000000000
0.00000000000000000
0.00000000000000000
0.00000000000000000
0.00000000000000000
0.00000000000000000
0.00000000000000000
0.00000000000000000
0.00000000000000000
0.00000000000000000
0.00000000000000000
0.00000000000000000
0.00000000000000000
0.00000000000000000
0.00000000000000000
0.00000000000000000
0.13994334305350264
0.00000000000000000
0.00000000000000000
0.03109852067855615
0.00000000000000000
0.93295562035668433
0.01554926033927807
0.06219704135711229
0.04664778101783422
0.00000000000000000
0.00000000000000000
0.03109852067855615
0.21768964474989302
0.01554926033927807
0.00000000000000000
0.00000000000000000
0.04664778101783422
0.01554926033927807
0.00000000000000000
0.00000000000000000
0.00000000000000000
0.00000000000000000
0.00000000000000000
0.00000000000000000
0.04664778101783422
0.01554926033927807
0.00000000000000000
0.00000000000000000
0.00000000000000000
0.00000000000000000
0.01554926033927807
0.00000000000000000
0.00000000000000000
0.00000000000000000
0.00000000000000000
0.01554926033927807
0.04664778101783422
0.01554926033927807
0.00000000000000000
0.00000000000000000
0.01554926033927807
0.00000000000000000
0.00000000000000000
0.09329556203566844
0.00000000000000000
0.01554926033927807
0.01554926033927807
0.01554926033927807
0.07774630169639037
0.01554926033927807
0.00000000000000000
0.09329556203566844
0.09329556203566844
0.01554926033927807
0.00000000000000000
0.00000000000000000
0.06219704135711229
0.01554926033927807
0.09329556203566844
0.12930163676704720
0.00000000000000000
0.08081352297940449
0.01616270459588090
0.00000000000000000
0.96976227575285390
0.00000000000000000
0.00000000000000000
0.00000000000000000
0.00000000000000000
0.00000000000000000
0.00000000000000000
0.00000000000000000
0.00000000000000000
0.00000000000000000
0.00000000000000000
0.00000000000000000
0.00000000000000000
0.00000000000000000
0.00000000000000000
0.00000000000000000
0.00000000000000000
0.04848811378764269
0.09697622757528539
0.00000000000000000
0.00000000000000000
0.00000000000000000
0.00000000000000000
0.00000000000000000
0.00000000000000000
0.00000000000000000
0.00000000000000000
0.00000000000000000
0.00000000000000000
0.00000000000000000
0.01616270459588090
0.06465081838352360
0.00000000000000000
0.00000000000000000
0.00000000000000000
0.00000000000000000
0.00000000000000000
0.00000000000000000
0.00000000000000000
0.00000000000000000
0.00000000000000000
0.00000000000000000
0.00000000000000000
0.00000000000000000
0.00000000000000000
0.00000000000000000
0.00000000000000000
0.00000000000000000
0.01616270459588090
0.00000000000000000
0.01616270459588090
0.11313893217116629
0.00000000000000000
0.08081352297940449
0.42696245907857822
0.07116040984642970
0.01423208196928594
0.05692832787714376
0.00000000000000000
0.85392491815715643
0.02846416393857188
0.18501706560071721
0.07116040984642970
0.00000000000000000
0.00000000000000000
0.12808873772357346
0.00000000000000000
0.00000000000000000
0.00000000000000000
0.00000000000000000
0.01423208196928594
0.05692832787714376
0.00000000000000000
0.00000000000000000
0.01423208196928594
0.00000000000000000
0.00000000000000000
0.05692832787714376
0.05692832787714376
0.00000000000000000
0.00000000000000000
0.00000000000000000
0.00000000000000000
0.01423208196928594
0.00000000000000000
0.00000000000000000
0.00000000000000000
0.00000000000000000
0.00000000000000000
0.02846416393857188
0.01423208196928594
0.00000000000000000
0.00000000000000000
0.00000000000000000
0.00000000000000000
0.00000000000000000
0.00000000000000000
0.05692832787714376
0.05692832787714376
0.01423208196928594
0.01423208196928594
0.02846416393857188
0.02846416393857188
0.00000000000000000
0.00000000000000000
0.00000000000000000
0.01423208196928594
0.01423208196928594
0.00000000000000000
0.00000000000000000
0.00000000000000000
0.00000000000000000
0.05692832787714376
0.47138730336482054
0.02417370786486259
0.02417370786486259
0.01208685393243130
0.07252112359458777
0.72521123594587777
0.07252112359458777
0.44721359549995793
0.03626056179729389
0.00000000000000000
0.00000000000000000
0.10878168539188166
0.07252112359458777
0.01208685393243130
0.00000000000000000
0.00000000000000000
0.07252112359458777
0.02417370786486259
0.00000000000000000
0.00000000000000000
0.00000000000000000
0.00000000000000000
0.00000000000000000
0.01208685393243130
0.02417370786486259
0.00000000000000000
0.00000000000000000
0.00000000000000000
0.00000000000000000
0.00000000000000000
0.06043426966215648
0.01208685393243130
0.00000000000000000
0.02417370786486259
0.00000000000000000
0.00000000000000000
0.00000000000000000
0.00000000000000000
0.00000000000000000
0.01208685393243130
0.00000000000000000
0.00000000000000000
0.00000000000000000
0.09669483145945036
0.01208685393243130
0.00000000000000000
0.00000000000000000
0.00000000000000000
0.02417370786486259
0.00000000000000000
0.00000000000000000
0.01208685393243130
0.00000000000000000
0.00000000000000000
0.00000000000000000
0.00000000000000000
0.00000000000000000
0.00000000000000000
0.01208685393243130
0.25522858709068014
0.06617037443091707
0.01890582126597631
0.04726455316494076
0.07562328506390523
0.56717463797928913
0.07562328506390523
0.76568576127204035
0.01890582126597631
0.00000000000000000
0.00000000000000000
0.07562328506390523
0.01890582126597631
0.00000000000000000
0.00000000000000000
0.00000000000000000
0.02835873189896446
0.00945291063298815
0.00000000000000000
0.00000000000000000
0.00000000000000000
0.00000000000000000
0.00000000000000000
0.00000000000000000
0.00945291063298815
0.00000000000000000
0.00000000000000000
0.00000000000000000
0.00000000000000000
0.00000000000000000
0.00945291063298815
0.00000000000000000
0.00000000000000000
0.00945291063298815
0.00000000000000000
0.00000000000000000
0.00000000000000000
0.00945291063298815
0.00000000000000000
0.00000000000000000
0.00000000000000000
0.00000000000000000
0.00000000000000000
0.02835873189896446
0.00000000000000000
0.00000000000000000
0.00000000000000000
0.00000000000000000
0.00000000000000000
0.00000000000000000
0.00000000000000000
0.00000000000000000
0.00000000000000000
0.00000000000000000
0.00000000000000000
0.00000000000000000
0.00000000000000000
0.00000000000000000
0.00000000000000000
0.44446711960297269
0.05050762722761053
0.03030457633656632
0.09091372900969896
0.11111677990074317
0.60609152673132638
0.09091372900969896
0.62629457762237062
0.02020305089104421
0.00000000000000000
0.00000000000000000
0.09091372900969896
0.01010152544552211
0.00000000000000000
0.00000000000000000
0.00000000000000000
0.04040610178208843
0.00000000000000000
0.00000000000000000
0.00000000000000000
0.00000000000000000
0.00000000000000000
0.00000000000000000
0.00000000000000000
0.00000000000000000
0.00000000000000000
0.00000000000000000
0.00000000000000000
0.00000000000000000
0.00000000000000000
0.01010152544552211
0.00000000000000000
0.00000000000000000
0.00000000000000000
0.00000000000000000
0.00000000000000000
0.00000000000000000
0.00000000000000000
0.00000000000000000
0.00000000000000000
0.00000000000000000
0.00000000000000000
0.00000000000000000
0.00000000000000000
0.00000000000000000
0.00000000000000000
0.00000000000000000
0.00000000000000000
0.00000000000000000
0.00000000000000000
0.00000000000000000
0.00000000000000000
0.00000000000000000
0.00000000000000000
0.00000000000000000
0.00000000000000000
0.00000000000000000
0.00000000000000000
0.00000000000000000
0.13935495471801265
0.04645165157267089
0.00000000000000000
0.03096776771511392
0.03096776771511392
0.92903303145341776
0.03096776771511392
0.15483883857556963
0.10838718700289873
0.00000000000000000
0.00000000000000000
0.13935495471801265
0.09290330314534177
0.00000000000000000
0.00000000000000000
0.01548388385755696
0.15483883857556963
0.00000000000000000
0.00000000000000000
0.01548388385755696
0.01548388385755696
0.03096776771511392
0.03096776771511392
0.03096776771511392
0.00000000000000000
0.00000000000000000
0.00000000000000000
0.00000000000000000
0.00000000000000000
0.01548388385755696
0.01548388385755696
0.00000000000000000
0.00000000000000000
0.01548388385755696
0.00000000000000000
0.03096776771511392
0.03096776771511392
0.01548388385755696
0.00000000000000000
0.01548388385755696
0.01548388385755696
0.00000000000000000
0.03096776771511392
0.03096776771511392
0.00000000000000000
0.00000000000000000
0.01548388385755696
0.09290330314534177
0.00000000000000000
0.00000000000000000
0.00000000000000000
0.04645165157267089
0.00000000000000000
0.00000000000000000
0.00000000000000000
0.00000000000000000
0.03096776771511392
0.00000000000000000
0.06193553543022785
0.15819299929208316
0.00000000000000000
0.07909649964604158
0.03163859985841663
0.00000000000000000
0.94915799575249904
0.01581929992920832
0.03163859985841663
0.03163859985841663
0.00000000000000000
0.00000000000000000
0.04745789978762495
0.07909649964604158
0.00000000000000000
0.00000000000000000
0.00000000000000000
0.01581929992920832
0.01581929992920832
0.00000000000000000
0.01581929992920832
0.00000000000000000
0.00000000000000000
0.04745789978762495
0.12655439943366653
0.01581929992920832
0.00000000000000000
0.00000000000000000
0.00000000000000000
0.00000000000000000
0.00000000000000000
0.01581929992920832
0.00000000000000000
0.00000000000000000
0.00000000000000000
0.00000000000000000
0.03163859985841663
0.12655439943366653
0.01581929992920832
0.00000000000000000
0.00000000000000000
0.00000000000000000
0.00000000000000000
0.00000000000000000
0.04745789978762495
0.01581929992920832
0.00000000000000000
0.00000000000000000
0.03163859985841663
0.00000000000000000
0.00000000000000000
0.01581929992920832
0.00000000000000000
0.04745789978762495
0.00000000000000000
0.00000000000000000
0.01581929992920832
0.09491579957524990
0.00000000000000000
0.06327719971683327
0.17553439813886049
0.04787301767423468
0.04787301767423468
0.00000000000000000
0.01595767255807823
0.95746035348469360
0.06383069023231290
0.03191534511615645
0.04787301767423468
0.00000000000000000
0.00000000000000000
0.06383069023231290
0.01595767255807823
0.00000000000000000
0.00000000000000000
0.00000000000000000
0.01595767255807823
0.00000000000000000
0.00000000000000000
0.00000000000000000
0.01595767255807823
0.00000000000000000
0.04787301767423468
0.04787301767423468
0.01595767255807823
0.00000000000000000
0.00000000000000000
0.00000000000000000
0.00000000000000000
0.03191534511615645
0.03191534511615645
0.00000000000000000
0.00000000000000000
0.00000000000000000
0.00000000000000000
0.09574603534846936
0.01595767255807823
0.06383069023231290
0.00000000000000000
0.00000000000000000
0.00000000000000000
0.00000000000000000
0.01595767255807823
0.01595767255807823
0.00000000000000000
0.01595767255807823
0.00000000000000000
0.01595767255807823
0.01595767255807823
0.00000000000000000
0.00000000000000000
0.00000000000000000
0.03191534511615645
0.03191534511615645
0.03191534511615645
0.01595767255807823
0.01595767255807823
0.03191534511615645
0.09574603534846936
0.29870715551480165
0.05974143110296033
0.01493535777574008
0.07467678887870041
0.07467678887870041
0.89612146654440505
0.05974143110296033
0.17922429330888101
0.02987071555148017
0.00000000000000000
0.01493535777574008
0.04480607332722025
0.07467678887870041
0.00000000000000000
0.00000000000000000
0.00000000000000000
0.01493535777574008
0.04480607332722025
0.00000000000000000
0.00000000000000000
0.00000000000000000
0.00000000000000000
0.00000000000000000
0.00000000000000000
0.00000000000000000
0.00000000000000000
0.00000000000000000
0.00000000000000000
0.00000000000000000
0.00000000000000000
0.00000000000000000
0.00000000000000000
0.00000000000000000
0.01493535777574008
0.00000000000000000
0.01493535777574008
0.01493535777574008
0.00000000000000000
0.00000000000000000
0.00000000000000000
0.01493535777574008
0.01493535777574008
0.00000000000000000
0.10454750443018059
0.01493535777574008
0.00000000000000000
0.02987071555148017
0.00000000000000000
0.13441821998166076
0.00000000000000000
0.00000000000000000
0.04480607332722025
0.05974143110296033
0.01493535777574008
0.02987071555148017
0.01493535777574008
0.00000000000000000
0.00000000000000000
0.08961214665444051
0.37945086717041393
0.04378279236581699
0.00000000000000000
0.01459426412193900
0.08756558473163398
0.87565584731633983
0.08756558473163398
0.10215984885357297
0.04378279236581699
0.00000000000000000
0.00000000000000000
0.05837705648775598
0.04378279236581699
0.00000000000000000
0.00000000000000000
0.00000000000000000
0.00000000000000000
0.01459426412193900
0.00000000000000000
0.00000000000000000
0.00000000000000000
0.00000000000000000
0.00000000000000000
0.01459426412193900
0.04378279236581699
0.00000000000000000
0.00000000000000000
0.00000000000000000
0.00000000000000000
0.00000000000000000
0.05837705648775598
0.00000000000000000
0.01459426412193900
0.01459426412193900
0.00000000000000000
0.00000000000000000
0.01459426412193900
0.07297132060969498
0.00000000000000000
0.00000000000000000
0.00000000000000000
0.00000000000000000
0.00000000000000000
0.11675411297551197
0.00000000000000000
0.00000000000000000
0.00000000000000000
0.00000000000000000
0.14594264121938996
0.00000000000000000
0.00000000000000000
0.00000000000000000
0.07297132060969498
0.00000000000000000
0.00000000000000000
0.01459426412193900
0.02918852824387799
0.01459426412193900
0.02918852824387799
0.53395069993807676
0.05339506999380768
0.02669753499690384
0.04004630249535576
0.06674383749225959
0.80092604990711513
0.08009260499071151
0.14683644248297112
0.05339506999380768
0.00000000000000000
0.00000000000000000
0.05339506999380768
0.04004630249535576
0.00000000000000000
0.00000000000000000
0.00000000000000000
0.01334876749845192
0.04004630249535576
0.00000000000000000
0.00000000000000000
0.00000000000000000
0.00000000000000000
0.00000000000000000
0.00000000000000000
0.08009260499071151
0.02669753499690384
0.00000000000000000
0.00000000000000000
0.00000000000000000
0.00000000000000000
0.04004630249535576
0.01334876749845192
0.00000000000000000
0.00000000000000000
0.00000000000000000
0.01334876749845192
0.01334876749845192
0.04004630249535576
0.01334876749845192
0.00000000000000000
0.00000000000000000
0.00000000000000000
0.01334876749845192
0.04004630249535576
0.01334876749845192
0.00000000000000000
0.01334876749845192
0.04004630249535576
0.08009260499071151
0.00000000000000000
0.00000000000000000
0.02669753499690384
0.01334876749845192
0.02669753499690384
0.00000000000000000
0.04004630249535576
0.02669753499690384
0.00000000000000000
0.04004630249535576
0.09497523711603360
0.04748761855801680
0.01582920618600560
0.01582920618600560
0.00000000000000000
0.94975237116033595
0.00000000000000000
0.04748761855801680
0.01582920618600560
0.00000000000000000
0.00000000000000000
0.07914603093002801
0.00000000000000000
0.03165841237201120
0.00000000000000000
0.00000000000000000
0.04748761855801680
0.03165841237201120
0.00000000000000000
0.00000000000000000
0.00000000000000000
0.00000000000000000
0.03165841237201120
0.04748761855801680
0.01582920618600560
0.00000000000000000
0.00000000000000000
0.01582920618600560
0.00000000000000000
0.00000000000000000
0.00000000000000000
0.01582920618600560
0.00000000000000000
0.00000000000000000
0.00000000000000000
0.00000000000000000
0.00000000000000000
0.00000000000000000
0.00000000000000000
0.00000000000000000
0.00000000000000000
0.00000000000000000
0.01582920618600560
0.14246285567405040
0.01582920618600560
0.03165841237201120
0.03165841237201120
0.07914603093002801
0.12663364948804479
0.00000000000000000
0.00000000000000000
0.03165841237201120
0.09497523711603360
0.03165841237201120
0.01582920618600560
0.00000000000000000
0.01582920618600560
0.01582920618600560
0.11080444330203920
0.20339830145074403
0.01564602318851877
0.07823011594259385
0.04693806956555632
0.01564602318851877
0.93876139131112624
0.00000000000000000
0.03129204637703754
0.06258409275407509
0.00000000000000000
0.00000000000000000
0.04693806956555632
0.04693806956555632
0.00000000000000000
0.00000000000000000
0.00000000000000000
0.01564602318851877
0.00000000000000000
0.00000000000000000
0.00000000000000000
0.00000000000000000
0.00000000000000000
0.03129204637703754
0.06258409275407509
0.03129204637703754
0.00000000000000000
0.00000000000000000
0.00000000000000000
0.00000000000000000
0.03129204637703754
0.03129204637703754
0.00000000000000000
0.01564602318851877
0.00000000000000000
0.01564602318851877
0.03129204637703754
0.03129204637703754
0.04693806956555632
0.01564602318851877
0.01564602318851877
0.01564602318851877
0.00000000000000000
0.00000000000000000
0.04693806956555632
0.00000000000000000
0.00000000000000000
0.00000000000000000
0.01564602318851877
0.07823011594259385
0.00000000000000000
0.00000000000000000
0.01564602318851877
0.01564602318851877
0.03129204637703754
0.00000000000000000
0.06258409275407509
0.10952216231963140
0.00000000000000000
0.14081420869666894
0.11262522871635758
0.03217863677610217
0.01608931838805108
0.01608931838805108
0.00000000000000000
0.96535910328306496
0.01608931838805108
0.00000000000000000
0.00000000000000000
0.00000000000000000
0.00000000000000000
0.03217863677610217
0.00000000000000000
0.00000000000000000
0.00000000000000000
0.00000000000000000
0.01608931838805108
0.00000000000000000
0.00000000000000000
0.00000000000000000
0.00000000000000000
0.00000000000000000
0.00000000000000000
0.09653591032830650
0.04826795516415325
0.00000000000000000
0.00000000000000000
0.01608931838805108
0.00000000000000000
0.03217863677610217
0.01608931838805108
0.00000000000000000
0.00000000000000000
0.00000000000000000
0.00000000000000000
0.01608931838805108
0.08044659194025541
0.03217863677610217
0.00000000000000000
0.01608931838805108
0.00000000000000000
0.00000000000000000
0.00000000000000000
0.01608931838805108
0.00000000000000000
0.00000000000000000
0.00000000000000000
0.03217863677610217
0.12871454710440866
0.00000000000000000
0.01608931838805108
0.01608931838805108
0.03217863677610217
0.04826795516415325
0.01608931838805108
0.04826795516415325
0.04826795516415325
0.01608931838805108
0.06435727355220433
0.19066844507014871
0.01588903708917906
0.06355614835671623
0.00000000000000000
0.03177807417835812
0.95334222535074364
0.01588903708917906
0.01588903708917906
0.03177807417835812
0.00000000000000000
0.01588903708917906
0.00000000000000000
0.03177807417835812
0.00000000000000000
0.00000000000000000
0.00000000000000000
0.00000000000000000
0.00000000000000000
0.00000000000000000
0.00000000000000000
0.00000000000000000
0.00000000000000000
0.00000000000000000
0.12711229671343247
0.06355614835671623
0.00000000000000000
0.00000000000000000
0.00000000000000000
0.00000000000000000
0.00000000000000000
0.01588903708917906
0.00000000000000000
0.00000000000000000
0.00000000000000000
0.00000000000000000
0.03177807417835812
0.04766711126753718
0.03177807417835812
0.00000000000000000
0.00000000000000000
0.00000000000000000
0.00000000000000000
0.01588903708917906
0.00000000000000000
0.00000000000000000
0.00000000000000000
0.00000000000000000
0.01588903708917906
0.04766711126753718
0.01588903708917906
0.00000000000000000
0.00000000000000000
0.03177807417835812
0.01588903708917906
0.03177807417835812
0.00000000000000000
0.11122325962425342
0.01588903708917906
0.06355614835671623
0.11223368936410152
0.03206676838974329
0.09620030516922987
0.03206676838974329
0.00000000000000000
0.96200305169229872
0.04810015258461493
0.03206676838974329
0.03206676838974329
0.00000000000000000
0.00000000000000000
0.06413353677948658
0.04810015258461493
0.00000000000000000
0.00000000000000000
0.00000000000000000
0.03206676838974329
0.01603338419487164
0.00000000000000000
0.00000000000000000
0.00000000000000000
0.00000000000000000
0.03206676838974329
0.01603338419487164
0.03206676838974329
0.00000000000000000
0.00000000000000000
0.00000000000000000
0.00000000000000000
0.03206676838974329
0.01603338419487164
0.00000000000000000
0.00000000000000000
0.01603338419487164
0.00000000000000000
0.04810015258461493
0.03206676838974329
0.03206676838974329
0.00000000000000000
0.00000000000000000
0.00000000000000000
0.00000000000000000
0.04810015258461493
0.01603338419487164
0.01603338419487164
0.00000000000000000
0.01603338419487164
0.00000000000000000
0.00000000000000000
0.00000000000000000
0.00000000000000000
0.00000000000000000
0.00000000000000000
0.01603338419487164
0.00000000000000000
0.03206676838974329
0.01603338419487164
0.00000000000000000
0.16033384194871644
0.09668619984897557
0.04834309992448779
0.04834309992448779
0.08057183320747964
0.00000000000000000
0.96686199848975574
0.04834309992448779
0.03222873328299185
0.01611436664149593
0.00000000000000000
0.00000000000000000
0.00000000000000000
0.03222873328299185
0.00000000000000000
0.00000000000000000
0.00000000000000000
0.00000000000000000
0.03222873328299185
0.00000000000000000
0.00000000000000000
0.00000000000000000
0.03222873328299185
0.03222873328299185
0.04834309992448779
0.08057183320747964
0.00000000000000000
0.00000000000000000
0.00000000000000000
0.00000000000000000
0.01611436664149593
0.00000000000000000
0.00000000000000000
0.00000000000000000
0.00000000000000000
0.00000000000000000
0.01611436664149593
0.11280056649047150
0.01611436664149593
0.00000000000000000
0.00000000000000000
0.00000000000000000
0.00000000000000000
0.00000000000000000
0.01611436664149593
0.00000000000000000
0.00000000000000000
0.00000000000000000
0.00000000000000000
0.04834309992448779
0.00000000000000000
0.00000000000000000
0.01611436664149593
0.00000000000000000
0.03222873328299185
0.00000000000000000
0.01611436664149593
0.03222873328299185
0.00000000000000000
0.09668619984897557
0.24848795032521367
0.00000000000000000
0.01553049689532585
0.04659149068597756
0.01553049689532585
0.93182981371955120
0.03106099379065171
0.09318298137195512
0.07765248447662927
0.00000000000000000
0.00000000000000000
0.03106099379065171
0.03106099379065171
0.03106099379065171
0.00000000000000000
0.00000000000000000
0.06212198758130342
0.01553049689532585
0.00000000000000000
0.00000000000000000
0.00000000000000000
0.00000000000000000
0.01553049689532585
0.10871347826728098
0.01553049689532585
0.00000000000000000
0.00000000000000000
0.00000000000000000
0.00000000000000000
0.00000000000000000
0.01553049689532585
0.00000000000000000
0.00000000000000000
0.00000000000000000
0.00000000000000000
0.00000000000000000
0.06212198758130342
0.01553049689532585
0.00000000000000000
0.00000000000000000
0.00000000000000000
0.00000000000000000
0.00000000000000000
0.09318298137195512
0.00000000000000000
0.00000000000000000
0.04659149068597756
0.06212198758130342
0.06212198758130342
0.00000000000000000
0.00000000000000000
0.03106099379065171
0.04659149068597756
0.01553049689532585
0.00000000000000000
0.00000000000000000
0.06212198758130342
0.00000000000000000
0.04659149068597756
0.18400666525103640
0.00000000000000000
0.10733722139643789
0.03066777754183940
0.04600166631275910
0.92003332625518197
0.03066777754183940
0.04600166631275910
0.00000000000000000
0.00000000000000000
0.00000000000000000
0.04600166631275910
0.19934055402195608
0.01533388877091970
0.00000000000000000
0.00000000000000000
0.03066777754183940
0.03066777754183940
0.00000000000000000
0.00000000000000000
0.00000000000000000
0.00000000000000000
0.07666944385459849
0.09200333262551820
0.01533388877091970
0.00000000000000000
0.00000000000000000
0.00000000000000000
0.00000000000000000
0.01533388877091970
0.00000000000000000
0.01533388877091970
0.00000000000000000
0.00000000000000000
0.00000000000000000
0.06133555508367880
0.03066777754183940
0.03066777754183940
0.00000000000000000
0.00000000000000000
0.00000000000000000
0.00000000000000000
0.03066777754183940
0.04600166631275910
0.00000000000000000
0.00000000000000000
0.04600166631275910
0.04600166631275910
0.09200333262551820
0.00000000000000000
0.00000000000000000
0.03066777754183940
0.04600166631275910
0.04600166631275910
0.01533388877091970
0.03066777754183940
0.01533388877091970
0.00000000000000000
0.12267111016735760
0.26046185054025561
0.01532128532589739
0.03064257065179478
0.01532128532589739
0.01532128532589739
0.91927711955384328
0.04596385597769217
0.09192771195538434
0.10724899728128172
0.00000000000000000
0.00000000000000000
0.04596385597769217
0.06128514130358956
0.01532128532589739
0.00000000000000000
0.00000000000000000
0.09192771195538434
0.00000000000000000
0.01532128532589739
0.00000000000000000
0.00000000000000000
0.00000000000000000
0.03064257065179478
0.00000000000000000
0.04596385597769217
0.00000000000000000
0.00000000000000000
0.00000000000000000
0.00000000000000000
0.01532128532589739
0.01532128532589739
0.00000000000000000
0.00000000000000000
0.00000000000000000
0.00000000000000000
0.06128514130358956
0.04596385597769217
0.06128514130358956
0.00000000000000000
0.00000000000000000
0.01532128532589739
0.00000000000000000
0.03064257065179478
0.10724899728128172
0.00000000000000000
0.00000000000000000
0.03064257065179478
0.00000000000000000
0.07660642662948694
0.00000000000000000
0.00000000000000000
0.01532128532589739
0.01532128532589739
0.00000000000000000
0.00000000000000000
0.01532128532589739
0.01532128532589739
0.00000000000000000
0.12257028260717912
0.17440554785664783
0.06342019922059922
0.04756514941544941
0.03171009961029961
0.01585504980514980
0.95130298830898818
0.01585504980514980
0.04756514941544941
0.09513029883089882
0.01585504980514980
0.00000000000000000
0.11098534863604861
0.00000000000000000
0.00000000000000000
0.00000000000000000
0.00000000000000000
0.06342019922059922
0.00000000000000000
0.00000000000000000
0.00000000000000000
0.01585504980514980
0.00000000000000000
0.03171009961029961
0.03171009961029961
0.00000000000000000
0.00000000000000000
0.00000000000000000
0.00000000000000000
0.00000000000000000
0.03171009961029961
0.03171009961029961
0.00000000000000000
0.00000000000000000
0.01585504980514980
0.00000000000000000
0.03171009961029961
0.03171009961029961
0.00000000000000000
0.00000000000000000
0.00000000000000000
0.00000000000000000
0.00000000000000000
0.03171009961029961
0.00000000000000000
0.01585504980514980
0.01585504980514980
0.00000000000000000
0.11098534863604861
0.00000000000000000
0.00000000000000000
0.00000000000000000
0.03171009961029961
0.00000000000000000
0.00000000000000000
0.00000000000000000
0.01585504980514980
0.03171009961029961
0.00000000000000000
0.07927524902574902
0.17204309294970996
0.00000000000000000
0.06256112470898545
0.01564028117724636
0.00000000000000000
0.93841687063478163
0.01564028117724636
0.04692084353173908
0.07820140588623180
0.00000000000000000
0.00000000000000000
0.01564028117724636
0.12512224941797090
0.00000000000000000
0.00000000000000000
0.00000000000000000
0.01564028117724636
0.00000000000000000
0.00000000000000000
0.00000000000000000
0.00000000000000000
0.00000000000000000
0.00000000000000000
0.03128056235449272
0.09384168706347816
0.00000000000000000
0.00000000000000000
0.00000000000000000
0.00000000000000000
0.01564028117724636
0.00000000000000000
0.00000000000000000
0.00000000000000000
0.00000000000000000
0.00000000000000000
0.07820140588623180
0.04692084353173908
0.01564028117724636
0.00000000000000000
0.00000000000000000
0.00000000000000000
0.00000000000000000
0.01564028117724636
0.04692084353173908
0.00000000000000000
0.00000000000000000
0.03128056235449272
0.04692084353173908
0.10948196824072452
0.01564028117724636
0.00000000000000000
0.03128056235449272
0.07820140588623180
0.01564028117724636
0.01564028117724636
0.00000000000000000
0.03128056235449272
0.01564028117724636
0.12512224941797090
0.18738566374935320
0.04684641593733830
0.07807735989556383
0.03123094395822553
0.00000000000000000
0.93692831874676596
0.03123094395822553
0.04684641593733830
0.04684641593733830
0.00000000000000000
0.00000000000000000
0.00000000000000000
0.03123094395822553
0.00000000000000000
0.00000000000000000
0.00000000000000000
0.00000000000000000
0.00000000000000000
0.01561547197911277
0.01561547197911277
0.00000000000000000
0.00000000000000000
0.03123094395822553
0.07807735989556383
0.04684641593733830
0.00000000000000000
0.00000000000000000
0.00000000000000000
0.00000000000000000
0.00000000000000000
0.00000000000000000
0.01561547197911277
0.00000000000000000
0.00000000000000000
0.00000000000000000
0.03123094395822553
0.10930830385378935
0.01561547197911277
0.00000000000000000
0.00000000000000000
0.00000000000000000
0.00000000000000000
0.01561547197911277
0.00000000000000000
0.00000000000000000
0.03123094395822553
0.01561547197911277
0.00000000000000000
0.04684641593733830
0.00000000000000000
0.00000000000000000
0.07807735989556383
0.00000000000000000
0.01561547197911277
0.03123094395822553
0.03123094395822553
0.15615471979112766
0.00000000000000000
0.10930830385378935
0.29434052379223191
0.01471702618961160
0.23547241903378555
0.00000000000000000
0.00000000000000000
0.88302157137669579
0.11773620951689277
0.00000000000000000
0.00000000000000000
0.00000000000000000
0.00000000000000000
0.00000000000000000
0.01471702618961160
0.00000000000000000
0.00000000000000000
0.00000000000000000
0.00000000000000000
0.00000000000000000
0.00000000000000000
0.00000000000000000
0.00000000000000000
0.00000000000000000
0.00000000000000000
0.11773620951689277
0.02943405237922319
0.00000000000000000
0.00000000000000000
0.00000000000000000
0.00000000000000000
0.00000000000000000
0.01471702618961160
0.00000000000000000
0.00000000000000000
0.00000000000000000
0.00000000000000000
0.05886810475844639
0.16188728808572755
0.02943405237922319
0.00000000000000000
0.01471702618961160
0.00000000000000000
0.00000000000000000
0.00000000000000000
0.00000000000000000
0.00000000000000000
0.00000000000000000
0.00000000000000000
0.00000000000000000
0.01471702618961160
0.00000000000000000
0.00000000000000000
0.00000000000000000
0.00000000000000000
0.04415107856883479
0.00000000000000000
0.00000000000000000
0.10301918332728117
0.00000000000000000
0.07358513094805798
0.23162052730603974
0.00000000000000000
0.04632410546120794
0.04632410546120794
0.03088273697413863
0.92648210922415897
0.07720684243534658
0.04632410546120794
0.04632410546120794
0.00000000000000000
0.00000000000000000
0.06176547394827726
0.13897231638362384
0.00000000000000000
0.00000000000000000
0.00000000000000000
0.00000000000000000
0.00000000000000000
0.00000000000000000
0.00000000000000000
0.00000000000000000
0.00000000000000000
0.01544136848706932
0.06176547394827726
0.01544136848706932
0.00000000000000000
0.00000000000000000
0.00000000000000000
0.00000000000000000
0.00000000000000000
0.00000000000000000
0.00000000000000000
0.00000000000000000
0.01544136848706932
0.01544136848706932
0.03088273697413863
0.10808957940948520
0.09264821092241589
0.00000000000000000
0.00000000000000000
0.00000000000000000
0.00000000000000000
0.03088273697413863
0.07720684243534658
0.00000000000000000
0.00000000000000000
0.01544136848706932
0.01544136848706932
0.06176547394827726
0.00000000000000000
0.00000000000000000
0.00000000000000000
0.03088273697413863
0.01544136848706932
0.00000000000000000
0.07720684243534658
0.03088273697413863
0.01544136848706932
0.06176547394827726
0.32216319909849617
0.01534110471897601
0.04602331415692802
0.00000000000000000
0.03068220943795201
0.92046628313856038
0.00000000000000000
0.03068220943795201
0.03068220943795201
0.00000000000000000
0.00000000000000000
0.04602331415692802
0.06136441887590403
0.00000000000000000
0.00000000000000000
0.00000000000000000
0.00000000000000000
0.03068220943795201
0.00000000000000000
0.00000000000000000
0.00000000000000000
0.00000000000000000
0.00000000000000000
0.04602331415692802
0.01534110471897601
0.00000000000000000
0.00000000000000000
0.00000000000000000
0.00000000000000000
0.00000000000000000
0.09204662831385604
0.00000000000000000
0.00000000000000000
0.01534110471897601
0.00000000000000000
0.00000000000000000
0.04602331415692802
0.03068220943795201
0.00000000000000000
0.00000000000000000
0.00000000000000000
0.00000000000000000
0.00000000000000000
0.09204662831385604
0.00000000000000000
0.00000000000000000
0.00000000000000000
0.00000000000000000
0.03068220943795201
0.00000000000000000
0.01534110471897601
0.04602331415692802
0.03068220943795201
0.00000000000000000
0.00000000000000000
0.01534110471897601
0.07670552359488003
0.01534110471897601
0.06136441887590403
0.06501701840009311
0.00000000000000000
0.11377978220016292
0.03250850920004655
0.01625425460002328
0.97525527600139650
0.00000000000000000
0.00000000000000000
0.00000000000000000
0.00000000000000000
0.00000000000000000
0.01625425460002328
0.00000000000000000
0.00000000000000000
0.00000000000000000
0.00000000000000000
0.00000000000000000
0.00000000000000000
0.00000000000000000
0.00000000000000000
0.00000000000000000
0.00000000000000000
0.01625425460002328
0.08127127300011637
0.01625425460002328
0.00000000000000000
0.00000000000000000
0.00000000000000000
0.00000000000000000
0.00000000000000000
0.01625425460002328
0.00000000000000000
0.00000000000000000
0.00000000000000000
0.00000000000000000
0.01625425460002328
0.09752552760013965
0.01625425460002328
0.00000000000000000
0.00000000000000000
0.00000000000000000
0.00000000000000000
0.01625425460002328
0.00000000000000000
0.00000000000000000
0.00000000000000000
0.00000000000000000
0.03250850920004655
0.01625425460002328
0.00000000000000000
0.00000000000000000
0.00000000000000000
0.00000000000000000
0.00000000000000000
0.00000000000000000
0.01625425460002328
0.06501701840009311
0.00000000000000000
0.08127127300011637
0.35956584785625989
0.00000000000000000
0.00000000000000000
0.00000000000000000
0.00000000000000000
0.77049824540627121
0.00000000000000000
0.29535766073907060
0.08989146196406497
0.00000000000000000
0.00000000000000000
0.16694128650469209
0.07704982454062712
0.05136654969375141
0.01284163742343785
0.00000000000000000
0.05136654969375141
0.00000000000000000
0.00000000000000000
0.00000000000000000
0.00000000000000000
0.00000000000000000
0.00000000000000000
0.01284163742343785
0.00000000000000000
0.00000000000000000
0.00000000000000000
0.00000000000000000
0.00000000000000000
0.00000000000000000
0.00000000000000000
0.00000000000000000
0.00000000000000000
0.02568327484687571
0.00000000000000000
0.00000000000000000
0.00000000000000000
0.00000000000000000
0.00000000000000000
0.00000000000000000
0.01284163742343785
0.00000000000000000
0.00000000000000000
0.29535766073907060
0.01284163742343785
0.00000000000000000
0.06420818711718926
0.08989146196406497
0.12841637423437852
0.01284163742343785
0.01284163742343785
0.07704982454062712
0.11557473681094067
0.01284163742343785
0.00000000000000000
0.03852491227031356
0.00000000000000000
0.00000000000000000
0.06420818711718926
0.27051738586570834
0.00000000000000000
0.00000000000000000
0.00000000000000000
0.01352586929328542
0.81155215759712507
0.04057760787985625
0.29756912445227918
0.09468108505299792
0.00000000000000000
0.00000000000000000
0.10820695434628334
0.09468108505299792
0.01352586929328542
0.00000000000000000
0.00000000000000000
0.04057760787985625
0.01352586929328542
0.00000000000000000
0.00000000000000000
0.00000000000000000
0.00000000000000000
0.02705173858657084
0.01352586929328542
0.02705173858657084
0.01352586929328542
0.00000000000000000
0.00000000000000000
0.00000000000000000
0.00000000000000000
0.00000000000000000
0.00000000000000000
0.00000000000000000
0.00000000000000000
0.01352586929328542
0.00000000000000000
0.00000000000000000
0.02705173858657084
0.00000000000000000
0.00000000000000000
0.00000000000000000
0.00000000000000000
0.00000000000000000
0.28404325515899376
0.00000000000000000
0.00000000000000000
0.05410347717314167
0.06762934646642708
0.17583630081271043
0.00000000000000000
0.00000000000000000
0.09468108505299792
0.10820695434628334
0.01352586929328542
0.00000000000000000
0.01352586929328542
0.00000000000000000
0.04057760787985625
0.04057760787985625
0.20518928031783062
0.01578379079367928
0.01578379079367928
0.03156758158735855
0.01578379079367928
0.94702744762075675
0.00000000000000000
0.01578379079367928
0.04735137238103784
0.00000000000000000
0.00000000000000000
0.00000000000000000
0.01578379079367928
0.00000000000000000
0.01578379079367928
0.00000000000000000
0.01578379079367928
0.03156758158735855
0.00000000000000000
0.00000000000000000
0.00000000000000000
0.00000000000000000
0.01578379079367928
0.06313516317471711
0.01578379079367928
0.00000000000000000
0.00000000000000000
0.00000000000000000
0.00000000000000000
0.03156758158735855
0.01578379079367928
0.00000000000000000
0.00000000000000000
0.00000000000000000
0.00000000000000000
0.00000000000000000
0.01578379079367928
0.01578379079367928
0.00000000000000000
0.00000000000000000
0.00000000000000000
0.00000000000000000
0.00000000000000000
0.12627032634943422
0.00000000000000000
0.00000000000000000
0.04735137238103784
0.07891895396839639
0.06313516317471711
0.00000000000000000
0.00000000000000000
0.03156758158735855
0.07891895396839639
0.04735137238103784
0.00000000000000000
0.04735137238103784
0.07891895396839639
0.01578379079367928
0.04735137238103784
0.15289018630918963
0.00000000000000000
0.01528901863091896
0.00000000000000000
0.00000000000000000
0.91734111785513783
0.06115607452367585
0.04586705589275689
0.01528901863091896
0.00000000000000000
0.00000000000000000
0.04586705589275689
0.16817920494010860
0.01528901863091896
0.00000000000000000
0.00000000000000000
0.06115607452367585
0.00000000000000000
0.00000000000000000
0.00000000000000000
0.00000000000000000
0.01528901863091896
0.00000000000000000
0.01528901863091896
0.04586705589275689
0.00000000000000000
0.00000000000000000
0.00000000000000000
0.00000000000000000
0.00000000000000000
0.03057803726183793
0.00000000000000000
0.00000000000000000
0.00000000000000000
0.01528901863091896
0.01528901863091896
0.00000000000000000
0.01528901863091896
0.00000000000000000
0.00000000000000000
0.01528901863091896
0.01528901863091896
0.01528901863091896
0.07644509315459481
0.00000000000000000
0.00000000000000000
0.03057803726183793
0.04586705589275689
0.13760116767827066
0.00000000000000000
0.00000000000000000
0.21404626083286549
0.04586705589275689
0.00000000000000000
0.00000000000000000
0.04586705589275689
0.07644509315459481
0.00000000000000000
0.07644509315459481
0.29837455641876509
0.01491872782093825
0.00000000000000000
0.04475618346281476
0.02983745564187651
0.89512366925629527
0.02983745564187651
0.14918727820938255
0.08951236692562953
0.00000000000000000
0.00000000000000000
0.08951236692562953
0.13426855038844429
0.02983745564187651
0.00000000000000000
0.00000000000000000
0.05967491128375301
0.00000000000000000
0.00000000000000000
0.00000000000000000
0.00000000000000000
0.00000000000000000
0.00000000000000000
0.01491872782093825
0.00000000000000000
0.01491872782093825
0.00000000000000000
0.00000000000000000
0.00000000000000000
0.00000000000000000
0.02983745564187651
0.00000000000000000
0.00000000000000000
0.00000000000000000
0.00000000000000000
0.00000000000000000
0.00000000000000000
0.04475618346281476
0.00000000000000000
0.00000000000000000
0.02983745564187651
0.00000000000000000
0.00000000000000000
0.07459363910469127
0.00000000000000000
0.01491872782093825
0.04475618346281476
0.02983745564187651
0.08951236692562953
0.00000000000000000
0.00000000000000000
0.10443109474656778
0.04475618346281476
0.00000000000000000
0.01491872782093825
0.00000000000000000
0.00000000000000000
0.00000000000000000
0.10443109474656778
0.03256448045129180
0.01628224022564590
0.03256448045129180
0.04884672067693771
0.01628224022564590
0.97693441353875421
0.04884672067693771
0.08141120112822951
0.03256448045129180
0.00000000000000000
0.00000000000000000
0.00000000000000000
0.00000000000000000
0.00000000000000000
0.00000000000000000
0.00000000000000000
0.09769344135387542
0.01628224022564590
0.00000000000000000
0.00000000000000000
0.00000000000000000
0.00000000000000000
0.03256448045129180
0.00000000000000000
0.03256448045129180
0.00000000000000000
0.01628224022564590
0.00000000000000000
0.00000000000000000
0.00000000000000000
0.00000000000000000
0.00000000000000000
0.00000000000000000
0.00000000000000000
0.00000000000000000
0.01628224022564590
0.08141120112822951
0.01628224022564590
0.00000000000000000
0.00000000000000000
0.00000000000000000
0.00000000000000000
0.00000000000000000
0.03256448045129180
0.00000000000000000
0.00000000000000000
0.00000000000000000
0.01628224022564590
0.06512896090258360
0.00000000000000000
0.00000000000000000
0.01628224022564590
0.03256448045129180
0.04884672067693771
0.00000000000000000
0.01628224022564590
0.01628224022564590
0.01628224022564590
0.03256448045129180
0.28892397106425144
0.01313290777564779
0.01313290777564779
0.00000000000000000
0.01313290777564779
0.78797446653886760
0.01313290777564779
0.38085432549378601
0.09193035442953455
0.00000000000000000
0.00000000000000000
0.11819616998083013
0.03939872332694338
0.05253163110259117
0.00000000000000000
0.00000000000000000
0.10506326220518235
0.02626581555129559
0.00000000000000000
0.00000000000000000
0.00000000000000000
0.00000000000000000
0.00000000000000000
0.01313290777564779
0.01313290777564779
0.00000000000000000
0.01313290777564779
0.00000000000000000
0.00000000000000000
0.00000000000000000
0.01313290777564779
0.00000000000000000
0.01313290777564779
0.00000000000000000
0.00000000000000000
0.01313290777564779
0.00000000000000000
0.02626581555129559
0.01313290777564779
0.00000000000000000
0.01313290777564779
0.01313290777564779
0.00000000000000000
0.27579106328860364
0.00000000000000000
0.00000000000000000
0.03939872332694338
0.03939872332694338
0.10506326220518235
0.00000000000000000
0.00000000000000000
0.02626581555129559
0.10506326220518235
0.01313290777564779
0.00000000000000000
0.02626581555129559
0.01313290777564779
0.00000000000000000
0.07879744665388676
0.25848545908036569
0.01360449784633504
0.00000000000000000
0.02720899569267007
0.04081349353900511
0.81626987078010216
0.04081349353900511
0.35371694400471093
0.09523148492434526
0.00000000000000000
0.00000000000000000
0.19046296984869052
0.06802248923167518
0.04081349353900511
0.00000000000000000
0.00000000000000000
0.08162698707801022
0.01360449784633504
0.00000000000000000
0.00000000000000000
0.00000000000000000
0.00000000000000000
0.01360449784633504
0.00000000000000000
0.01360449784633504
0.01360449784633504
0.00000000000000000
0.00000000000000000
0.00000000000000000
0.00000000000000000
0.02720899569267007
0.00000000000000000
0.02720899569267007
0.01360449784633504
0.00000000000000000
0.00000000000000000
0.01360449784633504
0.01360449784633504
0.01360449784633504
0.00000000000000000
0.00000000000000000
0.00000000000000000
0.00000000000000000
0.17685847200235547
0.00000000000000000
0.01360449784633504
0.01360449784633504
0.05441799138534015
0.17685847200235547
0.00000000000000000
0.01360449784633504
0.02720899569267007
0.02720899569267007
0.01360449784633504
0.00000000000000000
0.04081349353900511
0.01360449784633504
0.00000000000000000
0.08162698707801022
0.14352770972463677
0.01594752330273742
0.04784256990821226
0.01594752330273742
0.00000000000000000
0.95685139816424525
0.00000000000000000
0.01594752330273742
0.01594752330273742
0.00000000000000000
0.01594752330273742
0.03189504660547484
0.03189504660547484
0.00000000000000000
0.00000000000000000
0.00000000000000000
0.00000000000000000
0.01594752330273742
0.00000000000000000
0.00000000000000000
0.01594752330273742
0.00000000000000000
0.00000000000000000
0.00000000000000000
0.04784256990821226
0.00000000000000000
0.00000000000000000
0.00000000000000000
0.00000000000000000
0.00000000000000000
0.01594752330273742
0.00000000000000000
0.00000000000000000
0.01594752330273742
0.00000000000000000
0.00000000000000000
0.01594752330273742
0.04784256990821226
0.00000000000000000
0.00000000000000000
0.00000000000000000
0.00000000000000000
0.00000000000000000
0.03189504660547484
0.00000000000000000
0.00000000000000000
0.00000000000000000
0.03189504660547484
0.19137027963284903
0.00000000000000000
0.00000000000000000
0.00000000000000000
0.01594752330273742
0.09568513981642451
0.00000000000000000
0.04784256990821226
0.03189504660547484
0.00000000000000000
0.03189504660547484
0.14239151723408697
0.03164255938535266
0.00000000000000000
0.01582127969267633
0.00000000000000000
0.94927678156057971
0.01582127969267633
0.06328511877070532
0.07910639846338165
0.00000000000000000
0.00000000000000000
0.03164255938535266
0.11074895784873430
0.01582127969267633
0.00000000000000000
0.00000000000000000
0.01582127969267633
0.03164255938535266
0.01582127969267633
0.00000000000000000
0.00000000000000000
0.00000000000000000
0.00000000000000000
0.03164255938535266
0.00000000000000000
0.00000000000000000
0.00000000000000000
0.00000000000000000
0.01582127969267633
0.00000000000000000
0.01582127969267633
0.00000000000000000
0.00000000000000000
0.00000000000000000
0.00000000000000000
0.01582127969267633
0.00000000000000000
0.06328511877070532
0.00000000000000000
0.00000000000000000
0.00000000000000000
0.00000000000000000
0.00000000000000000
0.14239151723408697
0.00000000000000000
0.03164255938535266
0.04746383907802899
0.03164255938535266
0.06328511877070532
0.00000000000000000
0.00000000000000000
0.04746383907802899
0.09492767815605797
0.00000000000000000
0.00000000000000000
0.03164255938535266
0.01582127969267633
0.03164255938535266
0.06328511877070532
0.32759284664157690
0.01489058393825349
0.00000000000000000
0.01489058393825349
0.02978116787650699
0.89343503629520971
0.00000000000000000
0.05956233575301398
0.00000000000000000
0.01489058393825349
0.01489058393825349
0.02978116787650699
0.11912467150602796
0.00000000000000000
0.00000000000000000
0.00000000000000000
0.01489058393825349
0.04467175181476048
0.01489058393825349
0.01489058393825349
0.00000000000000000
0.00000000000000000
0.00000000000000000
0.04467175181476048
0.04467175181476048
0.00000000000000000
0.00000000000000000
0.00000000000000000
0.01489058393825349
0.01489058393825349
0.05956233575301398
0.00000000000000000
0.00000000000000000
0.00000000000000000
0.00000000000000000
0.01489058393825349
0.01489058393825349
0.02978116787650699
0.00000000000000000
0.00000000000000000
0.00000000000000000
0.00000000000000000
0.02978116787650699
0.19357759119729542
0.00000000000000000
0.01489058393825349
0.02978116787650699
0.10423408756777446
0.04467175181476048
0.00000000000000000
0.01489058393825349
0.05956233575301398
0.00000000000000000
0.00000000000000000
0.00000000000000000
0.01489058393825349
0.00000000000000000
0.01489058393825349
0.07445291969126747
0.06531101891882723
0.03265550945941362
0.00000000000000000
0.00000000000000000
0.00000000000000000
0.97966528378240847
0.00000000000000000
0.03265550945941362
0.04898326418912043
0.00000000000000000
0.00000000000000000
0.00000000000000000
0.01632775472970681
0.00000000000000000
0.00000000000000000
0.00000000000000000
0.01632775472970681
0.06531101891882723
0.00000000000000000
0.00000000000000000
0.00000000000000000
0.00000000000000000
0.03265550945941362
0.03265550945941362
0.06531101891882723
0.00000000000000000
0.00000000000000000
0.00000000000000000
0.00000000000000000
0.01632775472970681
0.03265550945941362
0.00000000000000000
0.00000000000000000
0.00000000000000000
0.00000000000000000
0.04898326418912043
0.06531101891882723
0.01632775472970681
0.00000000000000000
0.01632775472970681
0.00000000000000000
0.00000000000000000
0.00000000000000000
0.03265550945941362
0.00000000000000000
0.00000000000000000
0.00000000000000000
0.01632775472970681
0.00000000000000000
0.00000000000000000
0.00000000000000000
0.01632775472970681
0.01632775472970681
0.03265550945941362
0.00000000000000000
0.03265550945941362
0.08163877364853404
0.00000000000000000
0.03265550945941362
0.34668762264076819
0.01386750490563073
0.04160251471689218
0.01386750490563073
0.00000000000000000
0.83205029433784372
0.00000000000000000
0.16641005886756874
0.05547001962252291
0.00000000000000000
0.01386750490563073
0.11094003924504582
0.15254255396193800
0.02773500981126146
0.00000000000000000
0.00000000000000000
0.05547001962252291
0.02773500981126146
0.01386750490563073
0.00000000000000000
0.00000000000000000
0.00000000000000000
0.00000000000000000
0.02773500981126146
0.02773500981126146
0.00000000000000000
0.00000000000000000
0.00000000000000000
0.00000000000000000
0.00000000000000000
0.05547001962252291
0.00000000000000000
0.00000000000000000
0.01386750490563073
0.00000000000000000
0.01386750490563073
0.02773500981126146
0.01386750490563073
0.01386750490563073
0.00000000000000000
0.00000000000000000
0.01386750490563073
0.01386750490563073
0.23574758339572238
0.04160251471689218
0.01386750490563073
0.05547001962252291
0.04160251471689218
0.19414506867883019
0.01386750490563073
0.00000000000000000
0.02773500981126146
0.02773500981126146
0.00000000000000000
0.00000000000000000
0.00000000000000000
0.02773500981126146
0.01386750490563073
0.06933752452815364
0.49215357875503368
0.01330144807446037
0.02660289614892074
0.01330144807446037
0.02660289614892074
0.79808688446762210
0.03990434422338111
0.14631592881906405
0.14631592881906405
0.00000000000000000
0.00000000000000000
0.06650724037230185
0.03990434422338111
0.00000000000000000
0.01330144807446037
0.00000000000000000
0.00000000000000000
0.01330144807446037
0.00000000000000000
0.00000000000000000
0.00000000000000000
0.00000000000000000
0.03990434422338111
0.01330144807446037
0.02660289614892074
0.00000000000000000
0.00000000000000000
0.01330144807446037
0.00000000000000000
0.01330144807446037
0.03990434422338111
0.00000000000000000
0.00000000000000000
0.00000000000000000
0.01330144807446037
0.02660289614892074
0.00000000000000000
0.01330144807446037
0.01330144807446037
0.00000000000000000
0.00000000000000000
0.00000000000000000
0.01330144807446037
0.19952172111690553
0.00000000000000000
0.01330144807446037
0.03990434422338111
0.02660289614892074
0.10641158459568295
0.00000000000000000
0.00000000000000000
0.03990434422338111
0.01330144807446037
0.00000000000000000
0.02660289614892074
0.00000000000000000
0.00000000000000000
0.00000000000000000
0.07980868844676221
0.18596271821212310
0.00000000000000000
0.07748446592171795
0.03099378636868718
0.01549689318434359
0.92981359106061545
0.04649067955303077
0.15496893184343591
0.01549689318434359
0.00000000000000000
0.00000000000000000
0.17046582502777952
0.03099378636868718
0.00000000000000000
0.00000000000000000
0.00000000000000000
0.13947203865909233
0.00000000000000000
0.00000000000000000
0.00000000000000000
0.00000000000000000
0.00000000000000000
0.06198757273737437
0.03099378636868718
0.01549689318434359
0.00000000000000000
0.00000000000000000
0.00000000000000000
0.00000000000000000
0.00000000000000000
0.00000000000000000
0.00000000000000000
0.00000000000000000
0.00000000000000000
0.03099378636868718
0.06198757273737437
0.03099378636868718
0.03099378636868718
0.00000000000000000
0.00000000000000000
0.00000000000000000
0.00000000000000000
0.03099378636868718
0.00000000000000000
0.00000000000000000
0.00000000000000000
0.00000000000000000
0.00000000000000000
0.00000000000000000
0.01549689318434359
0.00000000000000000
0.01549689318434359
0.01549689318434359
0.00000000000000000
0.00000000000000000
0.01549689318434359
0.01549689318434359
0.00000000000000000
0.06198757273737437
0.11129352513105634
0.04769722505616700
0.09539445011233401
0.00000000000000000
0.04769722505616700
0.95394450112334006
0.03179815003744467
0.07949537509361167
0.01589907501872233
0.00000000000000000
0.00000000000000000
0.04769722505616700
0.06359630007488934
0.00000000000000000
0.00000000000000000
0.00000000000000000
0.07949537509361167
0.00000000000000000
0.00000000000000000
0.00000000000000000
0.00000000000000000
0.00000000000000000
0.03179815003744467
0.09539445011233401
0.03179815003744467
0.00000000000000000
0.00000000000000000
0.00000000000000000
0.00000000000000000
0.01589907501872233
0.01589907501872233
0.01589907501872233
0.00000000000000000
0.01589907501872233
0.01589907501872233
0.03179815003744467
0.04769722505616700
0.03179815003744467
0.00000000000000000
0.00000000000000000
0.00000000000000000
0.01589907501872233
0.01589907501872233
0.03179815003744467
0.00000000000000000
0.01589907501872233
0.03179815003744467
0.04769722505616700
0.06359630007488934
0.01589907501872233
0.00000000000000000
0.04769722505616700
0.01589907501872233
0.04769722505616700
0.00000000000000000
0.01589907501872233
0.00000000000000000
0.01589907501872233
0.11129352513105634
0.33192661666808254
0.04526272045473853
0.03017514696982568
0.00000000000000000
0.07543786742456421
0.90525440909477062
0.03017514696982568
0.07543786742456421
0.03017514696982568
0.00000000000000000
0.00000000000000000
0.10561301439438990
0.10561301439438990
0.01508757348491284
0.00000000000000000
0.00000000000000000
0.09052544090947706
0.01508757348491284
0.00000000000000000
0.00000000000000000
0.00000000000000000
0.00000000000000000
0.00000000000000000
0.03017514696982568
0.04526272045473853
0.01508757348491284
0.00000000000000000
0.00000000000000000
0.00000000000000000
0.01508757348491284
0.03017514696982568
0.00000000000000000
0.01508757348491284
0.00000000000000000
0.00000000000000000
0.03017514696982568
0.00000000000000000
0.03017514696982568
0.00000000000000000
0.01508757348491284
0.01508757348491284
0.00000000000000000
0.00000000000000000
0.01508757348491284
0.00000000000000000
0.00000000000000000
0.04526272045473853
0.03017514696982568
0.04526272045473853
0.00000000000000000
0.00000000000000000
0.04526272045473853
0.01508757348491284
0.00000000000000000
0.00000000000000000
0.01508757348491284
0.01508757348491284
0.01508757348491284
0.09052544090947706
0.32416096310990650
0.02946917846453695
0.04420376769680543
0.01473458923226848
0.01473458923226848
0.88407535393610859
0.01473458923226848
0.07367294616134239
0.05893835692907391
0.00000000000000000
0.01473458923226848
0.23575342771629562
0.08840753539361086
0.00000000000000000
0.00000000000000000
0.00000000000000000
0.07367294616134239
0.07367294616134239
0.00000000000000000
0.00000000000000000
0.00000000000000000
0.00000000000000000
0.01473458923226848
0.07367294616134239
0.04420376769680543
0.00000000000000000
0.00000000000000000
0.00000000000000000
0.00000000000000000
0.00000000000000000
0.02946917846453695
0.00000000000000000
0.00000000000000000
0.00000000000000000
0.00000000000000000
0.00000000000000000
0.01473458923226848
0.01473458923226848
0.00000000000000000
0.00000000000000000
0.00000000000000000
0.01473458923226848
0.00000000000000000
0.01473458923226848
0.01473458923226848
0.00000000000000000
0.01473458923226848
0.05893835692907391
0.07367294616134239
0.02946917846453695
0.01473458923226848
0.04420376769680543
0.02946917846453695
0.00000000000000000
0.00000000000000000
0.01473458923226848
0.01473458923226848
0.00000000000000000
0.05893835692907391
0.40532690556039608
0.05590715938764084
0.04193036954073063
0.06988394923455105
0.04193036954073063
0.83860739081461255
0.05590715938764084
0.11181431877528168
0.04193036954073063
0.00000000000000000
0.00000000000000000
0.25158221724438379
0.02795357969382042
0.00000000000000000
0.00000000000000000
0.00000000000000000
0.06988394923455105
0.01397678984691021
0.02795357969382042
0.00000000000000000
0.00000000000000000
0.00000000000000000
0.01397678984691021
0.02795357969382042
0.02795357969382042
0.00000000000000000
0.00000000000000000
0.00000000000000000
0.00000000000000000
0.00000000000000000
0.06988394923455105
0.01397678984691021
0.01397678984691021
0.00000000000000000
0.01397678984691021
0.02795357969382042
0.02795357969382042
0.02795357969382042
0.00000000000000000
0.00000000000000000
0.00000000000000000
0.00000000000000000
0.02795357969382042
0.01397678984691021
0.00000000000000000
0.00000000000000000
0.05590715938764084
0.04193036954073063
0.04193036954073063
0.01397678984691021
0.00000000000000000
0.06988394923455105
0.01397678984691021
0.00000000000000000
0.00000000000000000
0.02795357969382042
0.02795357969382042
0.00000000000000000
0.09783752892837147
0.45587764529631852
0.05525789639955376
0.04144342229966532
0.06907237049944220
0.00000000000000000
0.82886844599330645
0.02762894819977688
0.17958816329854974
0.06907237049944220
0.00000000000000000
0.01381447409988844
0.13814474099888441
0.05525789639955376
0.00000000000000000
0.00000000000000000
0.00000000000000000
0.08288684459933064
0.01381447409988844
0.00000000000000000
0.00000000000000000
0.01381447409988844
0.00000000000000000
0.01381447409988844
0.00000000000000000
0.00000000000000000
0.00000000000000000
0.00000000000000000
0.00000000000000000
0.00000000000000000
0.00000000000000000
0.02762894819977688
0.00000000000000000
0.01381447409988844
0.00000000000000000
0.01381447409988844
0.01381447409988844
0.00000000000000000
0.02762894819977688
0.00000000000000000
0.00000000000000000
0.00000000000000000
0.01381447409988844
0.00000000000000000
0.06907237049944220
0.00000000000000000
0.01381447409988844
0.01381447409988844
0.05525789639955376
0.02762894819977688
0.00000000000000000
0.00000000000000000
0.01381447409988844
0.02762894819977688
0.01381447409988844
0.00000000000000000
0.01381447409988844
0.00000000000000000
0.00000000000000000
0.12433026689899597
0.26689867485136903
0.01569992205008053
0.04709976615024160
0.01569992205008053
0.07849961025040265
0.94199532300483191
0.04709976615024160
0.00000000000000000
0.03139984410016106
0.00000000000000000
0.00000000000000000
0.00000000000000000
0.03139984410016106
0.00000000000000000
0.00000000000000000
0.00000000000000000
0.00000000000000000
0.00000000000000000
0.00000000000000000
0.00000000000000000
0.00000000000000000
0.00000000000000000
0.00000000000000000
0.03139984410016106
0.00000000000000000
0.00000000000000000
0.00000000000000000
0.00000000000000000
0.00000000000000000
0.00000000000000000
0.01569992205008053
0.00000000000000000
0.00000000000000000
0.00000000000000000
0.00000000000000000
0.00000000000000000
0.07849961025040265
0.06279968820032213
0.00000000000000000
0.00000000000000000
0.00000000000000000
0.00000000000000000
0.04709976615024160
0.00000000000000000
0.00000000000000000
0.00000000000000000
0.00000000000000000
0.00000000000000000
0.01569992205008053
0.00000000000000000
0.00000000000000000
0.00000000000000000
0.00000000000000000
0.00000000000000000
0.00000000000000000
0.01569992205008053
0.04709976615024160
0.00000000000000000
0.10989945435056372
0.35288693686102390
0.01534291029830539
0.03068582059661078
0.01534291029830539
0.03068582059661078
0.92057461789832329
0.04602873089491617
0.01534291029830539
0.00000000000000000
0.00000000000000000
0.00000000000000000
0.00000000000000000
0.01534291029830539
0.00000000000000000
0.00000000000000000
0.00000000000000000
0.00000000000000000
0.04602873089491617
0.00000000000000000
0.00000000000000000
0.00000000000000000
0.00000000000000000
0.00000000000000000
0.04602873089491617
0.01534291029830539
0.00000000000000000
0.00000000000000000
0.00000000000000000
0.00000000000000000
0.00000000000000000
0.03068582059661078
0.00000000000000000
0.00000000000000000
0.00000000000000000
0.00000000000000000
0.03068582059661078
0.01534291029830539
0.03068582059661078
0.00000000000000000
0.00000000000000000
0.00000000000000000
0.00000000000000000
0.00000000000000000
0.00000000000000000
0.00000000000000000
0.00000000000000000
0.00000000000000000
0.00000000000000000
0.03068582059661078
0.00000000000000000
0.00000000000000000
0.03068582059661078
0.00000000000000000
0.00000000000000000
0.00000000000000000
0.04602873089491617
0.04602873089491617
0.03068582059661078
0.09205746178983233
0.52172410474340847
0.04118874511132172
0.06864790851886954
0.00000000000000000
0.04118874511132172
0.82377490222643435
0.00000000000000000
0.01372958170377391
0.06864790851886954
0.00000000000000000
0.00000000000000000
0.00000000000000000
0.04118874511132172
0.00000000000000000
0.00000000000000000
0.01372958170377391
0.00000000000000000
0.04118874511132172
0.00000000000000000
0.01372958170377391
0.00000000000000000
0.01372958170377391
0.00000000000000000
0.06864790851886954
0.02745916340754781
0.01372958170377391
0.00000000000000000
0.00000000000000000
0.00000000000000000
0.01372958170377391
0.05491832681509563
0.00000000000000000
0.00000000000000000
0.01372958170377391
0.00000000000000000
0.01372958170377391
0.01372958170377391
0.05491832681509563
0.00000000000000000
0.00000000000000000
0.00000000000000000
0.00000000000000000
0.00000000000000000
0.09610707192641735
0.00000000000000000
0.01372958170377391
0.00000000000000000
0.04118874511132172
0.04118874511132172
0.00000000000000000
0.00000000000000000
0.05491832681509563
0.02745916340754781
0.00000000000000000
0.00000000000000000
0.00000000000000000
0.01372958170377391
0.00000000000000000
0.05491832681509563
0.56969885402063436
0.01324881055861940
0.03974643167585822
0.01324881055861940
0.00000000000000000
0.79492863351716425
0.00000000000000000
0.00000000000000000
0.05299524223447762
0.00000000000000000
0.00000000000000000
0.00000000000000000
0.01324881055861940
0.01324881055861940
0.01324881055861940
0.00000000000000000
0.01324881055861940
0.09274167391033583
0.00000000000000000
0.00000000000000000
0.00000000000000000
0.00000000000000000
0.01324881055861940
0.10599048446895523
0.03974643167585822
0.00000000000000000
0.01324881055861940
0.00000000000000000
0.00000000000000000
0.01324881055861940
0.01324881055861940
0.00000000000000000
0.00000000000000000
0.00000000000000000
0.01324881055861940
0.00000000000000000
0.00000000000000000
0.02649762111723881
0.00000000000000000
0.00000000000000000
0.00000000000000000
0.01324881055861940
0.00000000000000000
0.06624405279309702
0.03974643167585822
0.02649762111723881
0.00000000000000000
0.02649762111723881
0.01324881055861940
0.00000000000000000
0.00000000000000000
0.01324881055861940
0.05299524223447762
0.01324881055861940
0.00000000000000000
0.00000000000000000
0.02649762111723881
0.02649762111723881
0.05299524223447762
0.59947894041409000
0.02606430175713435
0.03909645263570152
0.01303215087856717
0.05212860351426869
0.78192905271403046
0.02606430175713435
0.00000000000000000
0.02606430175713435
0.00000000000000000
0.00000000000000000
0.00000000000000000
0.02606430175713435
0.00000000000000000
0.01303215087856717
0.00000000000000000
0.00000000000000000
0.02606430175713435
0.00000000000000000
0.00000000000000000
0.00000000000000000
0.00000000000000000
0.01303215087856717
0.02606430175713435
0.03909645263570152
0.00000000000000000
0.00000000000000000
0.00000000000000000
0.01303215087856717
0.00000000000000000
0.01303215087856717
0.01303215087856717
0.00000000000000000
0.00000000000000000
0.01303215087856717
0.00000000000000000
0.00000000000000000
0.00000000000000000
0.02606430175713435
0.00000000000000000
0.01303215087856717
0.00000000000000000
0.02606430175713435
0.00000000000000000
0.00000000000000000
0.00000000000000000
0.00000000000000000
0.00000000000000000
0.02606430175713435
0.01303215087856717
0.01303215087856717
0.02606430175713435
0.03909645263570152
0.00000000000000000
0.01303215087856717
0.03909645263570152
0.02606430175713435
0.01303215087856717
0.10425720702853739
0.51947675757750755
0.02734088197776356
0.06835220494440888
0.02734088197776356
0.02734088197776356
0.82022645933290672
0.02734088197776356
0.04101132296664534
0.06835220494440888
0.00000000000000000
0.00000000000000000
0.02734088197776356
0.01367044098888178
0.00000000000000000
0.00000000000000000
0.00000000000000000
0.04101132296664534
0.05468176395552711
0.00000000000000000
0.00000000000000000
0.00000000000000000
0.00000000000000000
0.00000000000000000
0.04101132296664534
0.10936352791105422
0.01367044098888178
0.00000000000000000
0.01367044098888178
0.00000000000000000
0.00000000000000000
0.01367044098888178
0.00000000000000000
0.00000000000000000
0.00000000000000000
0.00000000000000000
0.00000000000000000
0.00000000000000000
0.02734088197776356
0.00000000000000000
0.00000000000000000
0.01367044098888178
0.00000000000000000
0.01367044098888178
0.05468176395552711
0.01367044098888178
0.01367044098888178
0.02734088197776356
0.06835220494440888
0.08202264593329067
0.01367044098888178
0.02734088197776356
0.02734088197776356
0.01367044098888178
0.00000000000000000
0.00000000000000000
0.01367044098888178
0.01367044098888178
0.00000000000000000
0.06835220494440888
